# File generated by CMD 3.8 (http://stev.oapd.inaf.it/cmd) on Tue Aug  5 04:50:37 UTC 2025
# isochrones based on PARSEC release v1.2S +  COLIBRI S_37 + S_35 + PR16
# Basic references: Bressan et al. (2012), MNRAS, 427, 127 + Chen et al. (2014, 2015), MNRAS, 444, 2525 + MNRAS, 452, 1068 + Tang et al. (2014), MNRAS, 445, 4287 + Marigo et al. (2017), ApJ, 835, 77 + Pastorelli al. (2019), MNRAS, 485, 5666 + Pastorelli al. (2020), MNRAS, in press
# Thermal pulse cycles included 
# On RGB, assumed Reimers mass loss with efficiency eta=0.2
# LPV periods and growth rates added cf. Trabucchi et al. (2019)
# but fundamental-mode LPV periods + transition are from Trabucchi et al. (2021)
# Photometric system: <i>UBVRIJHK</i> (cf. Maiz-Apellaniz 2006 + Bessell 1990)
# Using YBC version of bolometric corrections as in Chen et al. (2019)
# O-rich circumstellar dust ignored
# C-rich circumstellar dust ignored
# IMF: Kroupa (2001, 2002) + Kroupa et al. (2013) canonical two-part-power law IMF corrected for unresolved binaries 
# Kind of output: isochrone tables
# Zini     MH   logAge Mini        int_IMF         Mass   logL    logTe  logg  label   McoreTP C_O  period0  period1  period2  period3  period4  pmode  Mloss  tau1m   X   Y   Xc  Xn  Xo  Cexcess  Z 	 mbolmag  Umag    Bmag    Vmag    Rmag    Imag    Jmag    Hmag    Kmag
0.00034781 -1.65000 10.10000 0.0900000036 1.0816895926    0.090 -3.189  3.4801  5.454    1  0.000  0.545     0.00     0.00     0.00     0.00     0.00 -1 -5.09e-17      0.00 7.480e-01 2.516e-01 6.854e-05 1.849e-05 1.677e-04 -1.000 3.812e-04 12.742 20.051 17.285 15.268 13.596 12.027 10.749 10.472 10.380
0.00034781 -1.65000 10.10000 0.1000000015 1.1711064122    0.100 -2.864  3.5271  5.362    1  0.000  0.545     0.00     0.00     0.00     0.00     0.00 -1 -1.13e-16      0.00 7.458e-01 2.539e-01 6.854e-05 1.849e-05 1.677e-04 -1.000 3.811e-04 11.930 17.182 15.362 13.560 12.332 11.220 10.100 9.639 9.504
0.00034781 -1.65000 10.10000 0.1194766536 1.3158564723    0.119 -2.582  3.5574  5.278    1  0.000  0.545     0.00     0.00     0.00     0.00     0.00 -1 -2.19e-16      0.00 7.428e-01 2.568e-01 6.854e-05 1.849e-05 1.677e-04 -1.000 3.812e-04 11.224 15.462 14.058 12.486 11.409 10.513 9.494 8.970 8.811
0.00034781 -1.65000 10.10000 0.1199999973 1.3193154249    0.120 -2.575  3.5581  5.276    1  0.000  0.545     0.00     0.00     0.00     0.00     0.00 -1 -2.22e-16      0.00 7.427e-01 2.569e-01 6.854e-05 1.849e-05 1.677e-04 -1.000 3.811e-04 11.207 15.422 14.027 12.460 11.387 10.496 9.479 8.954 8.795
0.00034781 -1.65000 10.10000 0.1400000006 1.4384526719    0.140 -2.392  3.5732  5.220    1  0.000  0.545     0.00     0.00     0.00     0.00     0.00 -1 -3.35e-16      0.00 7.406e-01 2.590e-01 6.854e-05 1.849e-05 1.677e-04 -1.000 3.812e-04 10.749 14.521 13.303 11.852 10.846 10.039 9.071 8.526 8.353
0.00034781 -1.65000 10.10000 0.1580904871 1.5285672113    0.158 -2.261  3.5823  5.179    1  0.000  0.545     0.00     0.00     0.00     0.00     0.00 -1 -4.46e-16      0.00 7.393e-01 2.603e-01 6.854e-05 1.849e-05 1.677e-04 -1.000 3.811e-04 10.423 13.951 12.829 11.443 10.479 9.711 8.773 8.219 8.039
0.00034781 -1.65000 10.10000 0.1599999964 1.5372931554    0.160 -2.248  3.5831  5.175    1  0.000  0.545     0.00     0.00     0.00     0.00     0.00 -1 -4.59e-16      0.00 7.392e-01 2.604e-01 6.854e-05 1.849e-05 1.677e-04 -1.000 3.811e-04 10.390 13.896 12.782 11.403 10.443 9.679 8.743 8.189 8.008
0.00034781 -1.65000 10.10000 0.2000000179 1.6938791367    0.200 -2.027  3.5959  5.102    1  0.000  0.545     0.00     0.00     0.00     0.00     0.00 -1 -7.43e-16      0.00 7.382e-01 2.615e-01 6.854e-05 1.849e-05 1.677e-04 -1.000 3.812e-04 9.837 13.018 12.033 10.743 9.842 9.125 8.229 7.667 7.480
0.00034781 -1.65000 10.10000 0.2500000000 1.8403257998    0.250 -1.824  3.6070  5.040    1  0.000  0.545     0.00     0.00     0.00     0.00     0.00 -1 -2.55e-16      0.00 7.383e-01 2.613e-01 6.853e-05 1.849e-05 1.677e-04 -1.000 3.811e-04 9.331 12.259 11.371 10.150 9.300 8.616 7.754 7.189 7.003
0.00034781 -1.65000 10.10000 0.3000000417 1.9529140366    0.300 -1.670  3.6158  5.000    1  0.000  0.545     0.00     0.00     0.00     0.00     0.00 -1 -1.38e-15      0.00 7.384e-01 2.612e-01 6.852e-05 1.849e-05 1.677e-04 -1.000 3.812e-04 8.945 11.686 10.869 9.699 8.886 8.227 7.391 6.827 6.647
0.00034781 -1.65000 10.10000 0.3027794659 1.9584469278    0.303 -1.662  3.6162  4.998    1  0.000  0.545     0.00     0.00     0.00     0.00     0.00 -1 -1.58e-15      0.00 7.384e-01 2.612e-01 6.852e-05 1.849e-05 1.677e-04 -1.000 3.812e-04 8.926 11.658 10.844 9.677 8.866 8.208 7.374 6.810 6.630
0.00034781 -1.65000 10.10000 0.3499999940 2.0434174644    0.350 -1.544  3.6235  4.972    1  0.000  0.544     0.00     0.00     0.00     0.00     0.00 -1 -1.98e-15      0.00 7.383e-01 2.613e-01 6.849e-05 1.849e-05 1.677e-04 -1.000 3.811e-04 8.630 11.218 10.457 9.330 8.549 7.911 7.098 6.535 6.362
0.00034781 -1.65000 10.10000 0.4000000060 2.1185024399    0.400 -1.406  3.6341  4.934    1  0.000  0.545     0.00     0.00     0.00     0.00     0.00 -1 -2.66e-15      0.00 7.503e-01 2.493e-01 6.854e-05 1.849e-05 1.677e-04 -1.000 3.811e-04 8.285 10.669 9.986 8.914 8.176 7.566 6.782 6.223 6.061
0.00034781 -1.65000 10.10000 0.4500000477 2.1822809714    0.450 -1.237  3.6517  4.887    1  0.000  0.545     0.00     0.00     0.00     0.00     0.00 -1  -3.9e-15      0.00 7.505e-01 2.491e-01 6.854e-05 1.849e-05 1.677e-04 -1.000 3.812e-04 7.864 9.922 9.369 8.383 7.710 7.145 6.409 5.866 5.724
0.00034781 -1.65000 10.10000 0.4721762240 2.2076879165    0.472 -1.151  3.6624  4.864    1  0.000  0.545     0.00     0.00     0.00     0.00     0.00 -1 -4.77e-15      0.00 7.505e-01 2.491e-01 6.854e-05 1.849e-05 1.677e-04 -1.000 3.812e-04 7.648 9.514 9.044 8.106 7.471 6.931 6.225 5.696 5.564
0.00034781 -1.65000 10.10000 0.5000000000 2.2374541529    0.500 -1.048  3.6750  4.837    1  0.000  0.545     0.00     0.00     0.00     0.00     0.00 -1 -6.07e-15      0.00 7.505e-01 2.491e-01 6.854e-05 1.849e-05 1.677e-04 -1.000 3.812e-04 7.390 9.027 8.664 7.781 7.190 6.678 6.009 5.501 5.381
0.00034781 -1.65000 10.10000 0.5500000715 2.2836583126    0.550 -0.834  3.6986  4.758    1  0.000  0.544     0.00     0.00     0.00     0.00     0.00 -1 -1.04e-14      0.00 7.865e-01 2.132e-01 5.929e-05 1.601e-05 1.452e-04 -1.000 2.932e-04 6.855 8.098 7.933 7.142 6.622 6.156 5.556 5.097 4.995
0.00034781 -1.65000 10.10000 0.6000000238 2.3211213258    0.600 -0.621  3.7260  4.693    1  0.000  0.544     0.00     0.00     0.00     0.00     0.00 -1 -1.75e-14      0.00 7.984e-01 2.013e-01 5.640e-05 1.523e-05 1.384e-04 -1.000 3.055e-04 6.322 7.193 7.218 6.530 6.075 5.656 5.132 4.728 4.644
0.00034781 -1.65000 10.10000 0.6015866995 2.3221934646    0.601 -0.614  3.7269  4.691    1  0.000  0.543     0.00     0.00     0.00     0.00     0.00 -1 -1.78e-14      0.00 7.989e-01 2.008e-01 5.629e-05 1.521e-05 1.381e-04 -1.000 3.069e-04 6.305 7.164 7.194 6.510 6.057 5.640 5.119 4.716 4.633
0.00034781 -1.65000 10.10000 0.6125331521 2.3294164241    0.612 -0.565  3.7337  4.676    1  0.000  0.543     0.00     0.00     0.00     0.00     0.00 -1    -2e-14      0.00 8.020e-01 1.977e-01 5.555e-05 1.501e-05 1.363e-04 -1.000 3.162e-04 6.182 6.964 7.031 6.373 5.934 5.528 5.025 4.634 4.556
0.00034781 -1.65000 10.10000 0.6231212020 2.3361259513    0.623 -0.517  3.7402  4.662    1  0.000  0.543     0.00     0.00     0.00     0.00     0.00 -1 -2.26e-14      0.00 8.052e-01 1.945e-01 5.480e-05 1.481e-05 1.345e-04 -1.000 3.186e-04 6.062 6.774 6.876 6.242 5.816 5.420 4.933 4.553 4.479
0.00034781 -1.65000 10.10000 0.6329596639 2.3421296535    0.633 -0.472  3.7461  4.648    1  0.000  0.543     0.00     0.00     0.00     0.00     0.00 -1 -4.21e-19      0.00 8.083e-01 1.914e-01 5.408e-05 1.462e-05 1.328e-04 -1.000 3.148e-04 5.950 6.607 6.734 6.121 5.707 5.321 4.847 4.476 4.407
0.00034781 -1.65000 10.10000 0.6421027780 2.3475197774    0.642 -0.430  3.7515  4.634    1  0.000  0.543     0.00     0.00     0.00     0.00     0.00 -1 -9.03e-17      0.00 8.113e-01 1.884e-01 5.337e-05 1.443e-05 1.311e-04 -1.000 2.988e-04 5.845 6.452 6.602 6.008 5.606 5.229 4.767 4.403 4.338
0.00034781 -1.65000 10.10000 0.6499999762 2.3520353107    0.650 -0.393  3.7561  4.621    1  0.000  0.543     0.00     0.00     0.00     0.00     0.00 -1 -3.08e-14      0.00 8.139e-01 1.857e-01 5.275e-05 1.427e-05 1.296e-04 -1.000 3.201e-04 5.753 6.319 6.488 5.911 5.518 5.149 4.697 4.340 4.279
0.00034781 -1.65000 10.10000 0.6606500149 2.3579287212    0.660 -0.343  3.7619  4.600    1  0.000  0.542     0.00     0.00     0.00     0.00     0.00 -1 -3.51e-14      0.00 8.185e-01 1.812e-01 5.168e-05 1.398e-05 1.271e-04 -1.000 3.150e-04 5.628 6.144 6.334 5.779 5.398 5.039 4.600 4.250 4.194
0.00034781 -1.65000 10.10000 0.6715826988 2.3637554967    0.671 -0.290  3.7677  4.578    1  0.000  0.542     0.00     0.00     0.00     0.00     0.00 -1 -3.36e-14      0.00 8.235e-01 1.762e-01 5.052e-05 1.367e-05 1.243e-04 -1.000 2.943e-04 5.495 5.970 6.177 5.642 5.273 4.923 4.495 4.153 4.102
0.00034781 -1.65000 10.10000 0.6820068359 2.3691116295    0.682 -0.238  3.7731  4.554    1  0.000  0.542     0.00     0.00     0.00     0.00     0.00 -1 -1.36e-14      0.00 8.286e-01 1.711e-01 4.934e-05 1.336e-05 1.215e-04 -1.000 2.533e-04 5.365 5.803 6.024 5.509 5.150 4.808 4.392 4.057 4.011
0.00034781 -1.65000 10.10000 0.6917189360 2.3739352065    0.691 -0.188  3.7781  4.530    1  0.000  0.541     0.00     0.00     0.00     0.00     0.00 -1 -1.32e-16      0.00 8.336e-01 1.661e-01 4.817e-05 1.305e-05 1.187e-04 -1.000 2.616e-04 5.240 5.646 5.878 5.380 5.031 4.698 4.292 3.963 3.921
0.00034781 -1.65000 10.10000 0.6999999881 2.3779266974    0.700 -0.144  3.7823  4.507    1  0.000  0.541     0.00     0.00     0.00     0.00     0.00 -1 -5.99e-14      0.00 8.382e-01 1.616e-01 4.713e-05 1.277e-05 1.162e-04 -1.000 2.604e-04 5.129 5.511 5.750 5.267 4.925 4.599 4.202 3.879 3.840
0.00034781 -1.65000 10.10000 0.7022264600 2.3789814135    0.702 -0.131  3.7833  4.501    1  0.000  0.540     0.00     0.00     0.00     0.00     0.00 -1  -6.2e-14      0.00 8.395e-01 1.602e-01 4.679e-05 1.268e-05 1.155e-04 -1.000 2.586e-04 5.098 5.475 5.715 5.236 4.897 4.572 4.177 3.856 3.818
0.00034781 -1.65000 10.10000 0.7105785608 2.3828702932    0.710 -0.084  3.7873  4.474    1  0.000  0.538     0.00     0.00     0.00     0.00     0.00 -1 -7.09e-14      0.00 8.444e-01 1.553e-01 4.554e-05 1.238e-05 1.127e-04 -1.000 2.517e-04 4.979 5.337 5.580 5.114 4.783 4.465 4.078 3.762 3.728
0.00034781 -1.65000 10.10000 0.7188252211 2.3866082887    0.718 -0.034  3.7911  4.445    1  0.000  0.537     0.00     0.00     0.00     0.00     0.00 -1 -8.17e-14      0.00 8.490e-01 1.507e-01 4.437e-05 1.209e-05 1.102e-04 -1.000 2.531e-04 4.855 5.196 5.440 4.987 4.663 4.352 3.973 3.664 3.631
0.00034781 -1.65000 10.10000 0.7259079814 2.3897408736    0.725  0.011  3.7943  4.417    1  0.000  0.535     0.00     0.00     0.00     0.00     0.00 -1 -9.32e-14      0.00 8.527e-01 1.470e-01 4.344e-05 1.187e-05 1.082e-04 -1.000 2.494e-04 4.742 5.071 5.315 4.872 4.555 4.249 3.877 3.572 3.542
0.00034781 -1.65000 10.10000 0.7327696681 2.3927093616    0.732  0.057  3.7972  4.386    1  0.000  0.534     0.00     0.00     0.00     0.00     0.00 -1  -1.1e-15      0.00 8.561e-01 1.436e-01 4.261e-05 1.166e-05 1.064e-04 -1.000 2.528e-04 4.627 4.945 5.187 4.755 4.443 4.142 3.776 3.477 3.449
0.00034781 -1.65000 10.10000 0.7396317720 2.3956147727    0.739  0.106  3.8000  4.352    1  0.000  0.532     0.00     0.00     0.00     0.00     0.00 -1  -4.6e-17      0.00 8.592e-01 1.405e-01 4.186e-05 1.148e-05 1.049e-04 -1.000 2.584e-04 4.504 4.813 5.053 4.630 4.323 4.027 3.668 3.374 3.347
0.00034781 -1.65000 10.10000 0.7475607395 2.3988956231    0.747  0.168  3.8030  4.308    1  0.000  0.530     0.00     0.00     0.00     0.00     0.00 -1 -2.33e-14      0.00 8.625e-01 1.372e-01 4.108e-05 1.130e-05 1.033e-04 -1.000 2.408e-04 4.351 4.653 4.887 4.474 4.173 3.883 3.530 3.241 3.217
0.00034781 -1.65000 10.10000 0.7500000000 2.3998889087    0.749  0.187  3.8038  4.293    1  0.000  0.530     0.00     0.00     0.00     0.00     0.00 -1 -1.58e-13      0.00 8.635e-01 1.363e-01 4.086e-05 1.125e-05 1.028e-04 -1.000 2.255e-04 4.302 4.603 4.834 4.424 4.125 3.836 3.485 3.198 3.174
0.00034781 -1.65000 10.10000 0.7507632971 2.4001982048    0.750  0.193  3.8041  4.288    1  0.000  0.530     0.00     0.00     0.00     0.00     0.00 -1 -1.61e-13      0.00 8.636e-01 1.361e-01 4.085e-05 1.124e-05 1.028e-04 -1.000 2.207e-04 4.287 4.587 4.818 4.408 4.110 3.821 3.471 3.185 3.161
0.00034781 -1.65000 10.10000 0.7566828728 2.4025725376    0.756  0.245  3.8060  4.248    1  0.000  0.529     0.00     0.00     0.00     0.00     0.00 -1 -1.89e-13      0.00 8.646e-01 1.351e-01 4.074e-05 1.122e-05 1.026e-04 -1.000 2.251e-04 4.158 4.454 4.680 4.276 3.983 3.698 3.352 3.069 3.046
0.00034781 -1.65000 10.10000 0.7621970177 2.4047461406    0.761  0.296  3.8074  4.206    1  0.000  0.529     0.00     0.00     0.00     0.00     0.00 -1 -2.23e-13      0.00 8.642e-01 1.356e-01 4.095e-05 1.128e-05 1.032e-04 -1.000 2.340e-04 4.030 4.325 4.545 4.147 3.856 3.574 3.231 2.952 2.929
0.00034781 -1.65000 10.10000 0.7659748197 2.4062145434    0.765  0.333  3.8080  4.173    1  0.000  0.529     0.00     0.00     0.00     0.00     0.00 -1 -2.52e-13      0.00 8.636e-01 1.362e-01 4.116e-05 1.134e-05 1.037e-04 -1.000 2.406e-04 3.937 4.232 4.448 4.052 3.763 3.482 3.141 2.863 2.841
0.00034781 -1.65000 10.10000 0.7672899365 2.4067218191    0.766  0.347  3.8080  4.159    1  0.000  0.529     0.00     0.00     0.00     0.00     0.00 -1 -2.65e-13      0.00 8.633e-01 1.364e-01 4.124e-05 1.136e-05 1.039e-04 -1.000 2.421e-04 3.902 4.197 4.411 4.016 3.727 3.446 3.104 2.827 2.804
0.00034781 -1.65000 10.10000 0.7723984122 2.4086734631    0.771  0.406  3.8066  4.097    1  0.000  0.529     0.00     0.00     0.00     0.00     0.00 -1 -3.23e-13      0.00 8.624e-01 1.373e-01 4.155e-05 1.144e-05 1.047e-04 -1.000 2.483e-04 3.754 4.056 4.265 3.868 3.577 3.295 2.950 2.670 2.647
0.00034781 -1.65000 10.10000 0.7762787938 2.4101362010    0.775  0.458  3.8037  4.036    1  0.000  0.529     0.00     0.00     0.00     0.00     0.00 -1 -3.89e-13      0.00 8.617e-01 1.380e-01 4.178e-05 1.151e-05 1.053e-04 -1.000 2.530e-04 3.626 3.939 4.145 3.741 3.445 3.158 2.807 2.522 2.498
0.00034781 -1.65000 10.10000 0.7769399881 2.4103837680    0.776  0.467  3.8030  4.024    1  0.000  0.529     0.00     0.00     0.00     0.00     0.00 -1 -4.05e-13      0.00 8.616e-01 1.381e-01 4.181e-05 1.152e-05 1.054e-04 -1.000 2.538e-04 3.602 3.917 4.123 3.717 3.420 3.132 2.779 2.493 2.468
0.00034781 -1.65000 10.10000 0.7776038051 2.4106318301    0.776  0.478  3.8019  4.010    1  0.000  0.529     0.00     0.00     0.00     0.00     0.00 -1 -4.22e-13      0.00 8.615e-01 1.382e-01 4.185e-05 1.153e-05 1.055e-04 -1.000 2.545e-04 3.575 3.895 4.100 3.691 3.393 3.103 2.747 2.459 2.434
0.00034781 -1.65000 10.10000 0.7798323631 2.4114610700    0.778  0.516  3.7971  3.954    2  0.000  0.529     0.00     0.00     0.00     0.00     0.00 -1 -4.89e-13      0.00 8.611e-01 1.386e-01 4.198e-05 1.157e-05 1.058e-04 -1.000 2.573e-04 3.480 3.817 4.020 3.599 3.292 2.995 2.628 2.331 2.303
0.00034781 -1.65000 10.10000 0.7815337181 2.4120904796    0.780  0.550  3.7914  3.898    2  0.000  0.529     0.00     0.00     0.00     0.00     0.00 -1 -5.62e-13      0.00 8.602e-01 1.396e-01 4.231e-05 1.166e-05 1.066e-04 -1.000 2.593e-04 3.396 3.755 3.955 3.519 3.202 2.895 2.516 2.208 2.177
0.00034781 -1.65000 10.10000 0.7828639150 2.4125803900    0.781  0.580  3.7845  3.841    2  0.000  0.529     0.00     0.00     0.00     0.00     0.00 -1 -6.44e-13      0.00 8.575e-01 1.422e-01 4.321e-05 1.190e-05 1.089e-04 -1.000 2.680e-04 3.320 3.708 3.905 3.448 3.119 2.802 2.406 2.086 2.051
0.00034781 -1.65000 10.10000 0.7839349508 2.4129734623    0.782  0.607  3.7773  3.786    2  0.000  0.530     0.00     0.00     0.00     0.00     0.00 -1 -7.29e-13      0.00 8.449e-01 1.548e-01 4.688e-05 1.290e-05 1.179e-04 -1.000 2.753e-04 3.252 3.675 3.866 3.388 3.045 2.716 2.304 1.971 1.932
0.00034781 -1.65000 10.10000 0.7848324776 2.4133019065    0.783  0.632  3.7700  3.732    2  0.000  0.532     0.00     0.00     0.00     0.00     0.00 -1 -8.21e-13      0.00 8.247e-01 1.750e-01 5.176e-05 1.422e-05 1.297e-04 -1.000 2.913e-04 3.190 3.652 3.834 3.333 2.977 2.636 2.207 1.861 1.817
0.00034781 -1.65000 10.10000 0.7856234908 2.4135906574    0.784  0.657  3.7629  3.678    2  0.000  0.534     0.00     0.00     0.00     0.00     0.00 -1  -1.2e-14      0.00 8.033e-01 1.964e-01 5.617e-05 1.540e-05 1.403e-04 -1.000 3.120e-04 3.126 3.630 3.802 3.277 2.908 2.555 2.110 1.752 1.703
0.00034781 -1.65000 10.10000 0.7863246202 2.4138460387    0.785  0.686  3.7564  3.625    2  0.000  0.535     0.00     0.00     0.00     0.00     0.00 -1 -1.35e-15      0.00 7.887e-01 2.110e-01 5.917e-05 1.620e-05 1.474e-04 -1.000 3.105e-04 3.056 3.603 3.762 3.216 2.834 2.471 2.010 1.641 1.587
0.00034781 -1.65000 10.10000 0.7870184779 2.4140982563    0.785  0.722  3.7503  3.565    2  0.000  0.536     0.00     0.00     0.00     0.00     0.00 -1 -2.15e-15      0.00 7.793e-01 2.203e-01 6.114e-05 1.673e-05 1.521e-04 -1.000 3.386e-04 2.966 3.554 3.701 3.134 2.741 2.368 1.893 1.513 1.455
0.00034781 -1.65000 10.10000 0.7875657082 2.4142968143    0.786  0.758  3.7462  3.512    2  0.000  0.536     0.00     0.00     0.00     0.00     0.00 -1 -3.19e-15      0.00 7.744e-01 2.252e-01 6.217e-05 1.700e-05 1.546e-04 -1.000 3.469e-04 2.874 3.493 3.630 3.049 2.649 2.269 1.784 1.397 1.336
0.00034781 -1.65000 10.10000 0.7879396081 2.4144322984    0.786  0.786  3.7437  3.474    2  0.000  0.536     0.00     0.00     0.00     0.00     0.00 -1 -4.21e-15      0.00 7.718e-01 2.278e-01 6.272e-05 1.715e-05 1.559e-04 -1.000 3.208e-04 2.804 3.441 3.572 2.983 2.578 2.194 1.703 1.311 1.248
0.00034781 -1.65000 10.10000 0.7881104946 2.4144941706    0.786  0.801  3.7428  3.456    2  0.000  0.536     0.00     0.00     0.00     0.00     0.00 -1 -4.81e-15      0.00 7.709e-01 2.288e-01 6.290e-05 1.720e-05 1.563e-04 -1.000 3.107e-04 2.767 3.411 3.539 2.948 2.541 2.155 1.662 1.268 1.205
0.00034781 -1.65000 10.10000 0.7885694504 2.4146601902    0.787  0.842  3.7405  3.405    3  0.000  0.537     0.00     0.00     0.00     0.00     0.00 -1 -6.87e-15      0.00 7.684e-01 2.312e-01 6.336e-05 1.732e-05 1.575e-04 -1.000 3.753e-04 2.664 3.326 3.447 2.848 2.438 2.048 1.549 1.151 1.086
0.00034781 -1.65000 10.10000 0.7890716791 2.4148416087    0.787  0.891  3.7382  3.348    3  0.000  0.537     0.00     0.00     0.00     0.00     0.00 -1 -1.03e-14      0.00 7.661e-01 2.336e-01 6.377e-05 1.743e-05 1.584e-04 -1.000 3.515e-04 2.542 3.224 3.337 2.730 2.315 1.922 1.416 1.014 0.947
0.00034781 -1.65000 10.10000 0.7894982696 2.4149954961    0.788  0.936  3.7365  3.296    3  0.000  0.537     0.00     0.00     0.00     0.00     0.00 -1 -1.47e-14      0.00 7.642e-01 2.354e-01 6.406e-05 1.751e-05 1.591e-04 -1.000 3.493e-04 2.430 3.128 3.234 2.622 2.204 1.808 1.297 0.890 0.823
0.00034781 -1.65000 10.10000 0.7899060845 2.4151424317    0.788  0.982  3.7349  3.244    3  0.000  0.537     0.00     0.00     0.00     0.00     0.00 -1 -2.08e-14      0.00 7.626e-01 2.371e-01 6.429e-05 1.757e-05 1.597e-04 -1.000 3.788e-04 2.316 3.028 3.128 2.511 2.090 1.692 1.176 0.765 0.697
0.00034781 -1.65000 10.10000 0.7903206348 2.4152916154    0.788  1.032  3.7333  3.188    3  0.000  0.537     0.00     0.00     0.00     0.00     0.00 -1 -3.01e-14      0.00 7.608e-01 2.388e-01 6.449e-05 1.763e-05 1.602e-04 -1.000 3.788e-04 2.191 2.918 3.012 2.390 1.966 1.565 1.044 0.629 0.561
0.00034781 -1.65000 10.10000 0.7907016873 2.4154285856    0.789  1.081  3.7318  3.133    3  0.000  0.537     0.00     0.00     0.00     0.00     0.00 -1 -4.27e-14      0.00 7.593e-01 2.404e-01 6.463e-05 1.768e-05 1.606e-04 -1.000 3.700e-04 2.067 2.807 2.896 2.269 1.843 1.439 0.914 0.494 0.426
0.00034781 -1.65000 10.10000 0.7910439372 2.4155514788    0.789  1.129  3.7303  3.079    3  0.000  0.536     0.00     0.00     0.00     0.00     0.00 -1 -5.93e-14      0.00 7.579e-01 2.418e-01 6.471e-05 1.773e-05 1.609e-04 -1.000 3.518e-04 1.946 2.699 2.783 2.151 1.723 1.317 0.787 0.363 0.294
0.00034781 -1.65000 10.10000 0.7913432717 2.4156588620    0.789  1.175  3.7289  3.028    3  0.000  0.536     0.00     0.00     0.00     0.00     0.00 -1    -8e-14      0.00 7.566e-01 2.430e-01 6.473e-05 1.777e-05 1.612e-04 -1.000 3.454e-04 1.832 2.598 2.676 2.040 1.609 1.201 0.667 0.240 0.170
0.00034781 -1.65000 10.10000 0.7916349769 2.4157634183    0.789  1.224  3.7275  2.973    3  0.000  0.535     0.00     0.00     0.00     0.00     0.00 -1 -1.09e-13      0.00 7.555e-01 2.442e-01 6.470e-05 1.784e-05 1.614e-04 -1.000 3.796e-04 1.711 2.491 2.563 1.922 1.489 1.078 0.539 0.108 0.038
0.00034781 -1.65000 10.10000 0.7919148803 2.4158636613    0.789  1.275  3.7259  2.916    3  0.000  0.534     0.00     0.00     0.00     0.00     0.00 -1 -1.48e-13      0.00 7.545e-01 2.452e-01 6.460e-05 1.793e-05 1.616e-04 -1.000 3.610e-04 1.583 2.379 2.444 1.798 1.362 0.949 0.405 -0.030 -0.101
0.00034781 -1.65000 10.10000 0.7921496630 2.4159476822    0.789  1.321  3.7244  2.864    3  0.000  0.532     0.00     0.00     0.00     0.00     0.00 -1 -1.95e-13      0.00 7.537e-01 2.460e-01 6.449e-05 1.803e-05 1.617e-04 -1.000 3.380e-04 1.467 2.277 2.335 1.684 1.246 0.831 0.282 -0.156 -0.228
0.00034781 -1.65000 10.10000 0.7923638225 2.4160242728    0.790  1.368  3.7229  2.811    3  0.000  0.531     0.00     0.00     0.00     0.00     0.00 -1 -2.53e-13      0.00 7.530e-01 2.466e-01 6.436e-05 1.814e-05 1.618e-04 -1.000 3.740e-04 1.351 2.176 2.228 1.572 1.131 0.713 0.160 -0.282 -0.354
0.00034781 -1.65000 10.10000 0.7925652862 2.4160962795    0.790  1.415  3.7214  2.758    3  0.000  0.530     0.00     0.00     0.00     0.00     0.00 -1 -3.28e-13      0.00 7.525e-01 2.472e-01 6.422e-05 1.827e-05 1.619e-04 -1.000 3.812e-04 1.232 2.072 2.117 1.456 1.012 0.592 0.035 -0.411 -0.484
0.00034781 -1.65000 10.10000 0.7927434444 2.4161599213    0.790  1.461  3.7198  2.705    3  0.000  0.529     0.00     0.00     0.00     0.00     0.00 -1 -4.19e-13      0.00 7.521e-01 2.476e-01 6.411e-05 1.838e-05 1.619e-04 -1.000 3.812e-04 1.117 1.973 2.012 1.345 0.898 0.476 -0.087 -0.537 -0.610
0.00034781 -1.65000 10.10000 0.7929129004 2.4162204240    0.790  1.509  3.7181  2.651    3  0.000  0.528     0.00     0.00     0.00     0.00     0.00 -1 -5.37e-13      0.00 7.518e-01 2.478e-01 6.402e-05 1.847e-05 1.620e-04 -1.000 3.811e-04 0.997 1.871 1.902 1.229 0.780 0.354 -0.213 -0.668 -0.742
0.00034781 -1.65000 10.10000 0.7930622697 2.4162737303    0.790  1.555  3.7165  2.598    3  0.000  0.527     0.00     0.00     0.00     0.00     0.00 -1 -6.77e-13      0.00 7.516e-01 2.480e-01 6.397e-05 1.852e-05 1.620e-04 -1.000 3.808e-04 0.881 1.772 1.796 1.118 0.665 0.237 -0.335 -0.795 -0.869
0.00034781 -1.65000 10.10000 0.7931953073 2.4163211887    0.790  1.600  3.7148  2.546    3  0.000  0.527     0.00     0.00     0.00     0.00     0.00 -1 -8.43e-13      0.00 7.515e-01 2.481e-01 6.394e-05 1.855e-05 1.620e-04 -1.000 3.778e-04 0.769 1.678 1.695 1.010 0.555 0.124 -0.454 -0.918 -0.993
0.00034781 -1.65000 10.10000 0.7933220267 2.4163663763    0.789  1.647  3.7131  2.493    3  0.000  0.527     0.00     0.00     0.00     0.00     0.00 -1 -1.05e-12      0.00 7.515e-01 2.481e-01 6.393e-05 1.856e-05 1.620e-04 -1.000 3.733e-04 0.653 1.579 1.589 0.898 0.439 0.005 -0.578 -1.046 -1.122
0.00034781 -1.65000 10.10000 0.7934367061 2.4164072561    0.789  1.693  3.7114  2.440    3  0.000  0.527     0.00     0.00     0.00     0.00     0.00 -1 -1.31e-12      0.00 7.515e-01 2.481e-01 6.393e-05 1.856e-05 1.620e-04 -1.000 3.734e-04 0.538 1.486 1.485 0.787 0.325 -0.112 -0.700 -1.172 -1.249
0.00034781 -1.65000 10.10000 0.7935377359 2.4164432590    0.789  1.737  3.7096  2.389    3  0.000  0.527     0.00     0.00     0.00     0.00     0.00 -1  -1.6e-12      0.00 7.515e-01 2.481e-01 6.393e-05 1.857e-05 1.620e-04 -1.000 3.735e-04 0.427 1.398 1.387 0.680 0.215 -0.225 -0.818 -1.294 -1.371
0.00034781 -1.65000 10.10000 0.7936305404 2.4164763214    0.789  1.781  3.7079  2.338    3  0.000  0.527     0.00     0.00     0.00     0.00     0.00 -1 -4.16e-13      0.00 7.515e-01 2.482e-01 6.393e-05 1.857e-05 1.620e-04 -1.000 3.736e-04 0.317 1.312 1.289 0.575 0.106 -0.337 -0.935 -1.415 -1.493
0.00034781 -1.65000 10.10000 0.7937203646 2.4165083137    0.789  1.827  3.7060  2.284    3  0.000  0.527     0.00     0.00     0.00     0.00     0.00 -1 -2.61e-13      0.00 7.515e-01 2.482e-01 6.393e-05 1.857e-05 1.620e-04 -1.000 3.738e-04 0.202 1.223 1.188 0.465 -0.008 -0.455 -1.058 -1.543 -1.621
0.00034781 -1.65000 10.10000 0.7937990427 2.4165363292    0.789  1.871  3.7042  2.233    3  0.000  0.527     0.00     0.00     0.00     0.00     0.00 -1 -3.22e-13      0.00 7.515e-01 2.482e-01 6.393e-05 1.857e-05 1.620e-04 -1.000 3.739e-04 0.092 1.139 1.092 0.361 -0.117 -0.566 -1.175 -1.664 -1.744
0.00034781 -1.65000 10.10000 0.7938714027 2.4165620894    0.788  1.915  3.7024  2.182    3  0.000  0.527     0.00     0.00     0.00     0.00     0.00 -1 -3.95e-13      0.00 7.515e-01 2.482e-01 6.393e-05 1.857e-05 1.620e-04 -1.000 3.740e-04 -0.016 1.055 0.997 0.257 -0.224 -0.677 -1.291 -1.785 -1.865
0.00034781 -1.65000 10.10000 0.7939398885 2.4165864653    0.788  1.959  3.7005  2.130    3  0.000  0.527     0.00     0.00     0.00     0.00     0.00 -1 -4.84e-13      0.00 7.514e-01 2.482e-01 6.393e-05 1.857e-05 1.620e-04 -1.000 3.741e-04 -0.127 0.970 0.900 0.152 -0.334 -0.790 -1.409 -1.908 -1.989
0.00034781 -1.65000 10.10000 0.7940001488 2.4166079096    0.788  2.000  3.6986  2.081    3  0.000  0.527     0.00     0.00     0.00     0.00     0.00 -1 -5.84e-13      0.00 7.514e-01 2.482e-01 6.393e-05 1.857e-05 1.620e-04 -1.000 3.742e-04 -0.230 0.894 0.812 0.055 -0.435 -0.895 -1.520 -2.024 -2.106
0.00034781 -1.65000 10.10000 0.7940582037 2.4166285655    0.788  2.041  3.6968  2.033    3  0.000  0.527     0.00     0.00     0.00     0.00     0.00 -1 -7.01e-13      0.00 7.514e-01 2.482e-01 6.393e-05 1.858e-05 1.620e-04 -1.000 3.742e-04 -0.332 0.819 0.725 -0.041 -0.535 -0.998 -1.629 -2.137 -2.220
0.00034781 -1.65000 10.10000 0.7941185236 2.4166500237    0.787  2.080  3.6951  1.987    3  0.000  0.527     0.00     0.00     0.00     0.00     0.00 -1  -8.4e-13      0.00 7.514e-01 2.482e-01 6.393e-05 1.858e-05 1.620e-04 -1.000 3.743e-04 -0.430 0.749 0.642 -0.133 -0.631 -1.097 -1.734 -2.246 -2.330
0.00034781 -1.65000 10.10000 0.7941724062 2.4166691886    0.787  2.105  3.6940  1.957    3  0.000  0.527     0.00     0.00     0.00     0.00     0.00 -1 -9.57e-13      0.00 7.514e-01 2.482e-01 6.393e-05 1.858e-05 1.620e-04 -1.000 3.744e-04 -0.492 0.705 0.590 -0.191 -0.692 -1.160 -1.800 -2.316 -2.399
0.00034781 -1.65000 10.10000 0.7942132354 2.4166837088    0.786  2.093  3.6949  1.973    3  0.000  0.527     0.00     0.00     0.00     0.00     0.00 -1 -9.62e-13      0.00 7.514e-01 2.482e-01 6.393e-05 1.858e-05 1.620e-04 -1.000 3.744e-04 -0.461 0.722 0.612 -0.164 -0.662 -1.129 -1.766 -2.280 -2.363
0.00034781 -1.65000 10.10000 0.7942216396 2.4166866974    0.786  2.100  3.6945  1.963    3  0.000  0.527     0.00     0.00     0.00     0.00     0.00 -1 -9.93e-13      0.00 7.514e-01 2.482e-01 6.393e-05 1.858e-05 1.620e-04 -1.000 3.743e-04 -0.481 0.708 0.596 -0.182 -0.682 -1.149 -1.787 -2.302 -2.385
0.00034781 -1.65000 10.10000 0.7942647934 2.4167020420    0.786  2.143  3.6925  1.912    3  0.000  0.527     0.00     0.00     0.00     0.00     0.00 -1 -1.18e-12      0.00 7.514e-01 2.482e-01 6.392e-05 1.858e-05 1.620e-04 -1.000 3.744e-04 -0.587 0.637 0.508 -0.282 -0.786 -1.257 -1.902 -2.422 -2.507
0.00034781 -1.65000 10.10000 0.7943046689 2.4167162192    0.786  2.185  3.6905  1.862    3  0.000  0.527     0.00     0.00     0.00     0.00     0.00 -1  -1.4e-12      0.00 7.514e-01 2.482e-01 6.392e-05 1.858e-05 1.620e-04 -1.000 3.745e-04 -0.692 0.567 0.422 -0.379 -0.888 -1.364 -2.015 -2.541 -2.626
0.00034781 -1.65000 10.10000 0.7943429947 2.4167298438    0.785  2.228  3.6884  1.811    3  0.000  0.527     0.00     0.00     0.00     0.00     0.00 -1 -1.67e-12      0.00 7.514e-01 2.482e-01 6.392e-05 1.858e-05 1.620e-04 -1.000 3.745e-04 -0.800 0.498 0.334 -0.479 -0.993 -1.472 -2.131 -2.663 -2.749
0.00034781 -1.65000 10.10000 0.7943753600 2.4167413484    0.785  2.267  3.6864  1.763    3  0.000  0.527     0.00     0.00     0.00     0.00     0.00 -1 -1.96e-12      0.00 7.514e-01 2.482e-01 6.392e-05 1.858e-05 1.621e-04 -1.000 3.745e-04 -0.897 0.438 0.256 -0.568 -1.088 -1.571 -2.237 -2.775 -2.862
0.00034781 -1.65000 10.10000 0.7944065332 2.4167524282    0.784  2.307  3.6844  1.714    3  0.000  0.527     0.00     0.00     0.00     0.00     0.00 -1  -2.3e-12      0.00 7.514e-01 2.482e-01 6.392e-05 1.858e-05 1.621e-04 -1.000 3.746e-04 -0.999 0.386 0.177 -0.663 -1.188 -1.674 -2.347 -2.892 -2.978
0.00034781 -1.65000 10.10000 0.7944342494 2.4167622785    0.784  2.346  3.6823  1.667    3  0.000  0.527     0.00     0.00     0.00     0.00     0.00 -1 -2.68e-12      0.00 7.514e-01 2.482e-01 6.392e-05 1.858e-05 1.621e-04 -1.000 3.747e-04 -1.095 0.346 0.107 -0.752 -1.283 -1.774 -2.454 -3.004 -3.090
0.00034781 -1.65000 10.10000 0.7944602370 2.4167715137    0.783  2.385  3.6803  1.620    3  0.000  0.527     0.00     0.00     0.00     0.00     0.00 -1 -3.12e-12      0.00 7.514e-01 2.482e-01 6.392e-05 1.858e-05 1.621e-04 -1.000 3.747e-04 -1.192 0.308 0.037 -0.841 -1.379 -1.873 -2.560 -3.117 -3.202
0.00034781 -1.65000 10.10000 0.7944844961 2.4167801340    0.782  2.423  3.6782  1.573    3  0.000  0.527     0.00     0.00     0.00     0.00     0.00 -1 -3.63e-12      0.00 7.514e-01 2.482e-01 6.392e-05 1.858e-05 1.621e-04 -1.000 3.746e-04 -1.288 0.275 -0.030 -0.929 -1.474 -1.972 -2.666 -3.229 -3.313
0.00034781 -1.65000 10.10000 0.7945113182 2.4167896644    0.781  2.470  3.6756  1.516    3  0.000  0.527     0.00     0.00     0.00     0.00     0.00 -1 -4.34e-12      0.00 7.514e-01 2.482e-01 6.392e-05 1.858e-05 1.621e-04 -1.000 3.747e-04 -1.404 0.242 -0.108 -1.033 -1.587 -2.091 -2.793 -3.363 -3.447
0.00034781 -1.65000 10.10000 0.7945316434 2.4167968858    0.781  2.507  3.6735  1.470    3  0.000  0.527     7.09     5.61     3.98     3.08     2.49  3 -5.01e-12      0.00 7.514e-01 2.482e-01 6.392e-05 1.858e-05 1.621e-04 -1.000 3.747e-04 -1.497 0.222 -0.167 -1.117 -1.679 -2.187 -2.896 -3.472 -3.556
0.00034781 -1.65000 10.10000 0.7945540547 2.4168048479    0.780  2.551  3.6710  1.415    3  0.000  0.527     7.96     6.19     4.37     3.38     2.74  3 -5.94e-12      0.00 7.514e-01 2.482e-01 6.392e-05 1.858e-05 1.621e-04 -1.000 3.747e-04 -1.608 0.206 -0.233 -1.214 -1.787 -2.301 -3.019 -3.601 -3.684
0.00034781 -1.65000 10.10000 0.7945748568 2.4168122378    0.779  2.596  3.6685  1.360    3  0.000  0.527     8.94     6.84     4.80     3.73     3.02  3 -7.02e-12      0.00 7.514e-01 2.482e-01 6.392e-05 1.858e-05 1.621e-04 -1.000 3.748e-04 -1.719 0.199 -0.296 -1.310 -1.894 -2.414 -3.141 -3.731 -3.813
0.00034781 -1.65000 10.10000 0.7945947051 2.4168192884    0.777  2.641  3.6658  1.303    3  0.000  0.527    10.08     7.57     5.30     4.12     3.33  3 -8.34e-12      0.00 7.514e-01 2.482e-01 6.392e-05 1.858e-05 1.621e-04 -1.000 3.748e-04 -1.833 0.199 -0.357 -1.407 -2.004 -2.531 -3.268 -3.864 -3.946
0.00034781 -1.65000 10.10000 0.7946111560 2.4168251319    0.776  2.682  3.6633  1.251    3  0.000  0.527    11.24     8.31     5.79     4.50     3.65  3 -9.72e-12      0.00 7.514e-01 2.482e-01 6.392e-05 1.859e-05 1.621e-04 -1.000 3.749e-04 -1.935 0.210 -0.406 -1.492 -2.101 -2.635 -3.381 -3.984 -4.065
0.00034781 -1.65000 10.10000 0.7946276069 2.4168309752    0.775  2.726  3.6606  1.196    3  0.000  0.527    12.64     9.18     6.36     4.96     4.02  2 -1.14e-11      0.00 7.514e-01 2.482e-01 6.392e-05 1.859e-05 1.621e-04 -1.000 3.749e-04 -2.044 0.228 -0.456 -1.583 -2.206 -2.747 -3.503 -4.113 -4.194
0.00034781 -1.65000 10.10000 0.7946420312 2.4168360984    0.773  2.767  3.6580  1.144    3  0.000  0.527    14.11    10.08     6.96     5.43     4.40  2 -1.33e-11      0.00 7.514e-01 2.482e-01 6.392e-05 1.859e-05 1.621e-04 -1.000 3.748e-04 -2.147 0.259 -0.496 -1.665 -2.303 -2.852 -3.618 -4.235 -4.316
0.00034781 -1.65000 10.10000 0.7946555018 2.4168408826    0.772  2.808  3.6554  1.091    3  0.000  0.527    15.76    11.08     7.62     5.95     4.82  2 -1.55e-11      0.00 7.514e-01 2.482e-01 6.392e-05 1.859e-05 1.621e-04 -1.000 3.748e-04 -2.250 0.254 -0.548 -1.747 -2.396 -2.953 -3.730 -4.355 -4.436
0.00034781 -1.65000 10.10000 0.7946680188 2.4168453280    0.770  2.849  3.6528  1.039    3  0.000  0.527    17.60    12.17     8.33     6.52     5.29  2 -1.81e-11      0.00 7.514e-01 2.482e-01 6.392e-05 1.859e-05 1.621e-04 -1.000 3.749e-04 -2.352 0.250 -0.600 -1.827 -2.489 -3.053 -3.841 -4.475 -4.557
0.00034781 -1.65000 10.10000 0.7946791053 2.4168492652    0.768  2.888  3.6503  0.989    3  0.000  0.527    19.55    13.31     9.07     7.11     5.77  2 -2.08e-11      0.00 7.514e-01 2.482e-01 6.392e-05 1.859e-05 1.621e-04 -1.000 3.749e-04 -2.449 0.251 -0.647 -1.903 -2.576 -3.148 -3.947 -4.588 -4.672
0.00034781 -1.65000 10.10000 0.7946898341 2.4168530753    0.766  2.928  3.6476  0.937    3  0.000  0.527    21.82    14.61     9.92     7.79     6.31  2 -2.42e-11      0.00 7.514e-01 2.482e-01 6.392e-05 1.859e-05 1.621e-04 -1.000 3.750e-04 -2.549 0.265 -0.687 -1.976 -2.664 -3.246 -4.057 -4.706 -4.791
0.00034781 -1.65000 10.10000 0.7946993709 2.4168564619    0.764  2.965  3.6451  0.888    3  0.000  0.527    24.19    15.95    10.78     8.48     6.88  1 -2.77e-11      0.00 7.514e-01 2.482e-01 6.392e-05 1.859e-05 1.621e-04 -1.000 3.749e-04 -2.644 0.278 -0.725 -2.045 -2.747 -3.338 -4.159 -4.817 -4.903
0.00034781 -1.65000 10.10000 0.7947081923 2.4168595945    0.762  3.003  3.6426  0.840    3  0.000  0.527    26.78    17.39    11.71     9.22     7.48  1 -3.18e-11      0.00 7.514e-01 2.482e-01 6.392e-05 1.859e-05 1.621e-04 -1.000 3.749e-04 -2.736 0.292 -0.762 -2.113 -2.828 -3.428 -4.261 -4.925 -5.013
0.00034781 -1.65000 10.10000 0.7947169542 2.4168627058    0.760  3.042  3.6399  0.789    3  0.000  0.527    29.84    19.06    12.79    10.08     8.18  1 -3.67e-11      0.00 7.514e-01 2.482e-01 6.392e-05 1.859e-05 1.621e-04 -1.000 3.749e-04 -2.834 0.310 -0.799 -2.183 -2.913 -3.522 -4.368 -5.041 -5.130
0.00034781 -1.65000 10.10000 0.7947243452 2.4168653303    0.757  3.076  3.6375  0.743    3  0.000  0.527    32.86    20.69    13.83    10.92     8.86  1 -4.17e-11      0.00 7.514e-01 2.483e-01 6.392e-05 1.859e-05 1.621e-04 -1.000 3.750e-04 -2.921 0.333 -0.827 -2.242 -2.986 -3.605 -4.462 -5.143 -5.234
0.00034781 -1.65000 10.10000 0.7947319150 2.4168680182    0.754  3.114  3.6350  0.693    3  0.000  0.527    36.49    22.61    15.05    11.90     9.66  1 -4.78e-11      0.00 7.514e-01 2.483e-01 6.392e-05 1.859e-05 1.621e-04 -1.000 3.750e-04 -3.015 0.358 -0.858 -2.306 -3.066 -3.694 -4.564 -5.254 -5.347
0.00034781 -1.65000 10.10000 0.7947387695 2.4168704520    0.751  3.150  3.6324  0.645    3  0.000  0.527    40.40    24.65    16.34    12.94    10.50  1 -5.46e-11      0.00 7.514e-01 2.483e-01 6.392e-05 1.859e-05 1.621e-04 -1.000 3.749e-04 -3.106 0.387 -0.883 -2.366 -3.142 -3.780 -4.663 -5.361 -5.455
0.00034781 -1.65000 10.10000 0.7947452068 2.4168727377    0.748  3.186  3.6300  0.598    3  0.000  0.527    44.60    26.80    17.70    14.03    11.39  1 -6.22e-11      0.00 7.514e-01 2.483e-01 6.392e-05 1.859e-05 1.621e-04 -1.000 3.750e-04 -3.194 0.413 -0.911 -2.425 -3.217 -3.864 -4.759 -5.465 -5.561
0.00034781 -1.65000 10.10000 0.7947513461 2.4168749175    0.745  3.222  3.6275  0.550    3  0.000  0.527    49.35    29.20    19.21    15.25    12.38  1  -7.1e-11      0.00 7.514e-01 2.483e-01 6.392e-05 1.859e-05 1.621e-04 -1.000 3.750e-04 -3.284 0.441 -0.937 -2.483 -3.290 -3.948 -4.856 -5.571 -5.669
0.00034781 -1.65000 10.10000 0.7947570086 2.4168769280    0.741  3.256  3.6250  0.504    3  0.000  0.527    54.40    31.70    20.77    16.52    13.41  1 -8.05e-11      0.00 7.514e-01 2.483e-01 6.392e-05 1.859e-05 1.621e-04 -1.000 3.750e-04 -3.370 0.470 -0.960 -2.538 -3.360 -4.028 -4.948 -5.672 -5.771
0.00034781 -1.65000 10.10000 0.7947633266 2.4168791712    0.736  3.292  3.6225  0.454    3  0.000  0.527    60.34    34.60    22.58    17.98    14.60  1 -9.26e-11      0.00 7.514e-01 2.483e-01 6.392e-05 1.859e-05 1.621e-04 -1.000 3.750e-04 -3.461 0.506 -0.977 -2.591 -3.433 -4.113 -5.047 -5.779 -5.880
0.00034781 -1.65000 10.10000 0.7947633266 2.4168791712    0.729  1.698  3.8236  2.849    4  0.000  0.527     0.00     0.00     0.00     0.00     0.00 -1    -1e-30      0.00 7.468e-01 2.528e-01 6.530e-05 1.904e-05 1.655e-04 -1.000 3.811e-04 0.526 0.852 0.864 0.555 0.321 0.088 -0.210 -0.428 -0.452
0.00034781 -1.65000 10.10000 0.7947664261 2.4168802716    0.729  1.710  3.8193  2.820    4  0.000  0.527     0.00     0.00     0.00     0.00     0.00 -1    -1e-30      0.00 7.468e-01 2.528e-01 6.530e-05 1.904e-05 1.655e-04 -1.000 3.812e-04 0.495 0.832 0.849 0.529 0.287 0.045 -0.263 -0.490 -0.515
0.00034781 -1.65000 10.10000 0.7948186398 2.4168988082    0.729  1.717  3.8170  2.803    4  0.000  0.527     0.00     0.00     0.00     0.00     0.00 -1    -1e-30      0.00 7.468e-01 2.528e-01 6.530e-05 1.904e-05 1.655e-04 -1.000 3.813e-04 0.477 0.820 0.840 0.513 0.267 0.021 -0.292 -0.524 -0.550
0.00034781 -1.65000 10.10000 0.7948714495 2.4169175536    0.729  1.718  3.8176  2.805    4  0.000  0.527     0.00     0.00     0.00     0.00     0.00 -1    -1e-30      0.00 7.468e-01 2.528e-01 6.530e-05 1.904e-05 1.655e-04 -1.000 3.811e-04 0.475 0.816 0.835 0.510 0.265 0.021 -0.291 -0.522 -0.547
0.00034781 -1.65000 10.10000 0.7949253917 2.4169366980    0.729  1.718  3.8187  2.809    4  0.000  0.527     0.00     0.00     0.00     0.00     0.00 -1    -1e-30      0.00 7.468e-01 2.528e-01 6.530e-05 1.904e-05 1.655e-04 -1.000 3.812e-04 0.474 0.813 0.830 0.508 0.265 0.023 -0.286 -0.515 -0.540
0.00034781 -1.65000 10.10000 0.7949787974 2.4169556491    0.729  1.718  3.8202  2.815    4  0.000  0.527     0.00     0.00     0.00     0.00     0.00 -1    -1e-30      0.00 7.468e-01 2.528e-01 6.530e-05 1.904e-05 1.655e-04 -1.000 3.812e-04 0.474 0.809 0.824 0.506 0.266 0.027 -0.279 -0.504 -0.529
0.00034781 -1.65000 10.10000 0.7950291038 2.4169734976    0.729  1.718  3.8218  2.822    4  0.000  0.527     0.00     0.00     0.00     0.00     0.00 -1    -1e-30      0.00 7.468e-01 2.528e-01 6.530e-05 1.904e-05 1.655e-04 -1.000 3.812e-04 0.475 0.806 0.819 0.505 0.268 0.032 -0.270 -0.491 -0.516
0.00034781 -1.65000 10.10000 0.7950785160 2.4169910264    0.729  1.717  3.8236  2.830    4  0.000  0.527     0.00     0.00     0.00     0.00     0.00 -1    -1e-30      0.00 7.468e-01 2.528e-01 6.530e-05 1.904e-05 1.655e-04 -1.000 3.811e-04 0.477 0.803 0.813 0.504 0.271 0.038 -0.260 -0.477 -0.501
0.00034781 -1.65000 10.10000 0.7951284647 2.4170087430    0.729  1.717  3.8256  2.838    4  0.000  0.527     0.00     0.00     0.00     0.00     0.00 -1    -1e-30      0.00 7.468e-01 2.528e-01 6.530e-05 1.904e-05 1.655e-04 -1.000 3.812e-04 0.478 0.800 0.807 0.504 0.274 0.045 -0.248 -0.461 -0.485
0.00034781 -1.65000 10.10000 0.7951807976 2.4170273025    0.729  1.716  3.8277  2.848    4  0.000  0.527     0.00     0.00     0.00     0.00     0.00 -1    -1e-30      0.00 7.468e-01 2.528e-01 6.530e-05 1.904e-05 1.655e-04 -1.000 3.813e-04 0.480 0.797 0.800 0.503 0.278 0.053 -0.235 -0.443 -0.467
0.00034781 -1.65000 10.10000 0.7952323556 2.4170455844    0.729  1.715  3.8296  2.856    4  0.000  0.527     0.00     0.00     0.00     0.00     0.00 -1    -1e-30      0.00 7.468e-01 2.528e-01 6.530e-05 1.904e-05 1.655e-04 -1.000 3.811e-04 0.482 0.794 0.794 0.502 0.281 0.059 -0.224 -0.428 -0.452
0.00034781 -1.65000 10.10000 0.7952854037 2.4170643918    0.729  1.715  3.8313  2.863    4  0.000  0.527     0.00     0.00     0.00     0.00     0.00 -1    -1e-30      0.00 7.468e-01 2.528e-01 6.530e-05 1.904e-05 1.655e-04 -1.000 3.813e-04 0.483 0.791 0.789 0.501 0.283 0.064 -0.215 -0.415 -0.439
0.00034781 -1.65000 10.10000 0.7953380346 2.4170830485    0.729  1.715  3.8325  2.868    4  0.000  0.527     0.00     0.00     0.00     0.00     0.00 -1    -1e-30      0.00 7.468e-01 2.528e-01 6.530e-05 1.904e-05 1.655e-04 -1.000 3.812e-04 0.483 0.789 0.785 0.500 0.285 0.069 -0.208 -0.405 -0.429
0.00034781 -1.65000 10.10000 0.7953900099 2.4171014700    0.729  1.715  3.8332  2.871    4  0.000  0.527     0.00     0.00     0.00     0.00     0.00 -1    -1e-30      0.00 7.468e-01 2.528e-01 6.530e-05 1.904e-05 1.655e-04 -1.000 3.812e-04 0.483 0.787 0.782 0.499 0.285 0.070 -0.204 -0.400 -0.423
0.00034781 -1.65000 10.10000 0.7954403758 2.4171193185    0.729  1.715  3.8332  2.871    4  0.000  0.527     0.00     0.00     0.00     0.00     0.00 -1    -1e-30      0.00 7.468e-01 2.528e-01 6.530e-05 1.904e-05 1.655e-04 -1.000 3.812e-04 0.482 0.787 0.781 0.498 0.284 0.069 -0.206 -0.401 -0.425
0.00034781 -1.65000 10.10000 0.7954623699 2.4171271118    0.730  1.715  3.8333  2.871    4  0.000  0.527     0.00     0.00     0.00     0.00     0.00 -1    -1e-30      0.00 7.468e-01 2.528e-01 6.530e-05 1.904e-05 1.655e-04 -1.000 3.811e-04 0.482 0.786 0.780 0.498 0.284 0.069 -0.205 -0.401 -0.424
0.00034781 -1.65000 10.10000 0.7954739332 2.4171312090    0.730  1.716  3.8331  2.870    4  0.000  0.527     0.00     0.00     0.00     0.00     0.00 -1    -1e-30      0.00 7.468e-01 2.528e-01 6.530e-05 1.904e-05 1.655e-04 -1.000 3.812e-04 0.481 0.786 0.780 0.497 0.283 0.068 -0.207 -0.403 -0.426
0.00034781 -1.65000 10.10000 0.7955244780 2.4171491164    0.730  1.717  3.8321  2.865    4  0.000  0.527     0.00     0.00     0.00     0.00     0.00 -1    -1e-30      0.00 7.468e-01 2.528e-01 6.530e-05 1.904e-05 1.655e-04 -1.000 3.811e-04 0.479 0.785 0.781 0.496 0.280 0.063 -0.214 -0.413 -0.436
0.00034781 -1.65000 10.10000 0.7955757380 2.4171672746    0.730  1.718  3.8305  2.857    4  0.000  0.527     0.00     0.00     0.00     0.00     0.00 -1    -1e-30      0.00 7.468e-01 2.528e-01 6.530e-05 1.904e-05 1.655e-04 -1.000 3.813e-04 0.475 0.785 0.784 0.494 0.275 0.055 -0.226 -0.428 -0.452
0.00034781 -1.65000 10.10000 0.7956261039 2.4171851135    0.730  1.720  3.8282  2.846    4  0.000  0.527     0.00     0.00     0.00     0.00     0.00 -1    -1e-30      0.00 7.468e-01 2.528e-01 6.530e-05 1.904e-05 1.655e-04 -1.000 3.813e-04 0.471 0.787 0.789 0.493 0.269 0.044 -0.242 -0.449 -0.473
0.00034781 -1.65000 10.10000 0.7956756949 2.4172026754    0.730  1.722  3.8253  2.833    4  0.000  0.527     0.00     0.00     0.00     0.00     0.00 -1    -1e-30      0.00 7.468e-01 2.528e-01 6.530e-05 1.904e-05 1.655e-04 -1.000 3.811e-04 0.466 0.788 0.795 0.491 0.261 0.032 -0.262 -0.475 -0.500
0.00034781 -1.65000 10.10000 0.7957251072 2.4172201715    0.730  1.724  3.8216  2.815    4  0.000  0.527     0.00     0.00     0.00     0.00     0.00 -1    -1e-30      0.00 7.468e-01 2.528e-01 6.530e-05 1.904e-05 1.655e-04 -1.000 3.812e-04 0.459 0.791 0.803 0.489 0.252 0.016 -0.287 -0.508 -0.533
0.00034781 -1.65000 10.10000 0.7957741618 2.4172375384    0.730  1.727  3.8175  2.796    4  0.000  0.527     0.00     0.00     0.00     0.00     0.00 -1    -1e-30      0.00 7.468e-01 2.528e-01 6.530e-05 1.904e-05 1.655e-04 -1.000 3.812e-04 0.452 0.794 0.812 0.487 0.242 -0.002 -0.315 -0.545 -0.571
0.00034781 -1.65000 10.10000 0.7958233356 2.4172549451    0.730  1.731  3.8129  2.774    4  0.000  0.527     0.00     0.00     0.00     0.00     0.00 -1    -1e-30      0.00 7.468e-01 2.528e-01 6.530e-05 1.904e-05 1.655e-04 -1.000 3.811e-04 0.443 0.798 0.822 0.485 0.230 -0.023 -0.346 -0.587 -0.614
0.00034781 -1.65000 10.10000 0.7958279848 2.4172565907    0.730  1.731  3.8124  2.772    4  0.000  0.527     0.00     0.00     0.00     0.00     0.00 -1    -1e-30      0.00 7.468e-01 2.528e-01 6.530e-05 1.904e-05 1.655e-04 -1.000 3.812e-04 0.442 0.798 0.824 0.485 0.229 -0.025 -0.349 -0.592 -0.618
0.00034781 -1.65000 10.10000 0.7958362103 2.4172595021    0.730  1.732  3.8116  2.768    4  0.000  0.527     0.00     0.00     0.00     0.00     0.00 -1    -1e-30      0.00 7.468e-01 2.528e-01 6.530e-05 1.904e-05 1.655e-04 -1.000 3.812e-04 0.441 0.799 0.826 0.484 0.227 -0.028 -0.355 -0.599 -0.626
0.00034781 -1.65000 10.10000 0.7958849669 2.4172767580    0.730  1.736  3.8066  2.744    4  0.000  0.527     0.00     0.00     0.00     0.00     0.00 -1    -1e-30      0.00 7.468e-01 2.528e-01 6.530e-05 1.904e-05 1.655e-04 -1.000 3.812e-04 0.431 0.803 0.839 0.482 0.215 -0.050 -0.388 -0.644 -0.672
0.00034781 -1.65000 10.10000 0.7959324121 2.4172935475    0.730  1.740  3.8017  2.721    4  0.000  0.527     0.00     0.00     0.00     0.00     0.00 -1    -1e-30      0.00 7.468e-01 2.528e-01 6.530e-05 1.904e-05 1.655e-04 -1.000 3.812e-04 0.421 0.807 0.851 0.480 0.202 -0.071 -0.422 -0.689 -0.719
0.00034781 -1.65000 10.10000 0.7959831953 2.4173115156    0.730  1.744  3.7963  2.694    4  0.000  0.527     0.00     0.00     0.00     0.00     0.00 -1    -1e-30      0.00 7.468e-01 2.528e-01 6.530e-05 1.904e-05 1.655e-04 -1.000 3.812e-04 0.409 0.813 0.865 0.477 0.188 -0.096 -0.460 -0.739 -0.771
0.00034781 -1.65000 10.10000 0.7960315347 2.4173286166    0.730  1.750  3.7911  2.668    4  0.000  0.527     0.00     0.00     0.00     0.00     0.00 -1    -1e-30      0.00 7.468e-01 2.528e-01 6.530e-05 1.904e-05 1.655e-04 -1.000 3.813e-04 0.396 0.818 0.878 0.473 0.173 -0.120 -0.497 -0.788 -0.822
0.00034781 -1.65000 10.10000 0.7960778475 2.4173449984    0.730  1.755  3.7865  2.645    4  0.000  0.527     0.00     0.00     0.00     0.00     0.00 -1    -1e-30      0.00 7.468e-01 2.528e-01 6.530e-05 1.904e-05 1.655e-04 -1.000 3.812e-04 0.384 0.822 0.887 0.469 0.159 -0.142 -0.531 -0.833 -0.868
0.00034781 -1.65000 10.10000 0.7961256504 2.4173619050    0.730  1.760  3.7816  2.620    4  0.000  0.527     0.00     0.00     0.00     0.00     0.00 -1    -1e-30      0.00 7.468e-01 2.528e-01 6.530e-05 1.904e-05 1.655e-04 -1.000 3.811e-04 0.369 0.826 0.897 0.463 0.144 -0.166 -0.568 -0.881 -0.918
0.00034781 -1.65000 10.10000 0.7961725593 2.4173784932    0.730  1.766  3.7773  2.596    4  0.000  0.527     0.00     0.00     0.00     0.00     0.00 -1    -1e-30      0.00 7.468e-01 2.528e-01 6.530e-05 1.904e-05 1.655e-04 -1.000 3.812e-04 0.354 0.831 0.904 0.456 0.129 -0.190 -0.602 -0.926 -0.965
0.00034781 -1.65000 10.10000 0.7962198853 2.4173952266    0.730  1.772  3.7734  2.575    4  0.000  0.527     0.00     0.00     0.00     0.00     0.00 -1    -1e-30      0.00 7.468e-01 2.528e-01 6.530e-05 1.904e-05 1.655e-04 -1.000 3.811e-04 0.340 0.835 0.910 0.449 0.113 -0.212 -0.635 -0.969 -1.009
0.00034781 -1.65000 10.10000 0.7962673306 2.4174119998    0.730  1.779  3.7697  2.554    4  0.000  0.527     0.00     0.00     0.00     0.00     0.00 -1    -1e-30      0.00 7.468e-01 2.528e-01 6.530e-05 1.904e-05 1.655e-04 -1.000 3.811e-04 0.324 0.838 0.913 0.440 0.097 -0.236 -0.669 -1.012 -1.053
0.00034781 -1.65000 10.10000 0.7963150740 2.4174288761    0.730  1.787  3.7658  2.530    4  0.000  0.527     0.00     0.00     0.00     0.00     0.00 -1    -1e-30      0.00 7.468e-01 2.528e-01 6.530e-05 1.904e-05 1.655e-04 -1.000 3.812e-04 0.303 0.836 0.913 0.427 0.076 -0.263 -0.707 -1.059 -1.102
0.00034781 -1.65000 10.10000 0.7963246107 2.4174322469    0.730  1.786  3.7660  2.531    4  0.000  0.527     0.00     0.00     0.00     0.00     0.00 -1    -1e-30      0.00 7.468e-01 2.528e-01 6.530e-05 1.904e-05 1.655e-04 -1.000 3.811e-04 0.305 0.837 0.914 0.428 0.078 -0.261 -0.704 -1.055 -1.099
0.00034781 -1.65000 10.10000 0.7963736057 2.4174495627    0.731  1.797  3.7614  2.502    4  0.000  0.527     0.00     0.00     0.00     0.00     0.00 -1    -1e-30      0.00 7.468e-01 2.528e-01 6.530e-05 1.904e-05 1.655e-04 -1.000 3.812e-04 0.277 0.832 0.910 0.409 0.050 -0.297 -0.752 -1.114 -1.160
0.00034781 -1.65000 10.10000 0.7964217663 2.4174665812    0.731  1.812  3.7566  2.468    4  0.000  0.527     0.00     0.00     0.00     0.00     0.00 -1    -1e-30      0.00 7.468e-01 2.528e-01 6.530e-05 1.904e-05 1.655e-04 -1.000 3.812e-04 0.239 0.822 0.899 0.381 0.012 -0.344 -0.811 -1.184 -1.232
0.00034781 -1.65000 10.10000 0.7964624166 2.4174809440    0.731  1.843  3.7492  2.408    4  0.000  0.527     0.00     0.00     0.00     0.00     0.00 -1    -1e-30      0.00 7.468e-01 2.528e-01 6.530e-05 1.904e-05 1.655e-04 -1.000 3.812e-04 0.164 0.792 0.865 0.320 -0.064 -0.433 -0.919 -1.307 -1.360
0.00034781 -1.65000 10.10000 0.7964843512 2.4174886934    0.731  1.881  3.7414  2.339    4  0.000  0.527     0.00     0.00     0.00     0.00     0.00 -1    -1e-30      0.00 7.468e-01 2.528e-01 6.530e-05 1.904e-05 1.655e-04 -1.000 3.812e-04 0.068 0.750 0.813 0.241 -0.158 -0.541 -1.047 -1.451 -1.509
0.00034781 -1.65000 10.10000 0.7964943647 2.4174922309    0.731  1.921  3.7343  2.270    4  0.000  0.527     0.00     0.00     0.00     0.00     0.00 -1    -1e-30      0.00 7.468e-01 2.528e-01 6.530e-05 1.904e-05 1.655e-04 -1.000 3.812e-04 -0.032 0.709 0.755 0.155 -0.258 -0.653 -1.178 -1.598 -1.659
0.00034781 -1.65000 10.10000 0.7964987159 2.4174937681    0.731  1.961  3.7282  2.205    4  0.000  0.527     0.00     0.00     0.00     0.00     0.00 -1    -1e-30      0.00 7.468e-01 2.528e-01 6.530e-05 1.904e-05 1.655e-04 -1.000 3.813e-04 -0.133 0.664 0.691 0.067 -0.359 -0.764 -1.305 -1.739 -1.804
0.00034781 -1.65000 10.10000 0.7965008616 2.4174945261    0.731  2.000  3.7233  2.147    4  0.000  0.527     0.00     0.00     0.00     0.00     0.00 -1    -1e-30      0.00 7.468e-01 2.528e-01 6.530e-05 1.904e-05 1.655e-04 -1.000 3.811e-04 -0.230 0.617 0.627 -0.018 -0.454 -0.868 -1.422 -1.867 -1.934
0.00034781 -1.65000 10.10000 0.7965016961 2.4174948209    0.731  2.024  3.7206  2.112    7  0.000  0.527     0.00     0.00     0.00     0.00     0.00 -1    -1e-30      0.00 7.468e-01 2.528e-01 6.530e-05 1.904e-05 1.655e-04 -1.000 3.811e-04 -0.290 0.585 0.584 -0.072 -0.513 -0.932 -1.493 -1.944 -2.013
0.00034781 -1.65000 10.10000 0.7965027094 2.4174951788    0.731  2.064  3.7168  2.056    7  0.000  0.527     0.00     0.00     0.00     0.00     0.00 -1    -1e-30      0.00 7.468e-01 2.528e-01 6.530e-05 1.904e-05 1.655e-04 -1.000 3.813e-04 -0.391 0.527 0.510 -0.163 -0.612 -1.038 -1.610 -2.070 -2.140
0.00034781 -1.65000 10.10000 0.7965036631 2.4174955157    0.731  2.102  3.7135  2.006    7  0.000  0.527     0.00     0.00     0.00     0.00     0.00 -1    -1e-30      0.00 7.468e-01 2.528e-01 6.530e-05 1.904e-05 1.655e-04 -1.000 3.812e-04 -0.484 0.471 0.440 -0.248 -0.704 -1.136 -1.717 -2.184 -2.256
0.00034781 -1.65000 10.10000 0.7965044975 2.4174958105    0.731  2.128  3.7114  1.971    7  0.000  0.527     0.00     0.00     0.00     0.00     0.00 -1    -1e-30      0.00 7.468e-01 2.528e-01 6.530e-05 1.904e-05 1.655e-04 -1.000 3.812e-04 -0.551 0.431 0.389 -0.309 -0.770 -1.206 -1.793 -2.265 -2.339
0.00034781 -1.65000 10.10000 0.7965054512 2.4174961474    0.731  2.150  3.7098  1.943    7  0.000  0.527     0.00     0.00     0.00     0.00     0.00 -1    -1e-30      0.00 7.468e-01 2.528e-01 6.530e-05 1.904e-05 1.655e-04 -1.000 3.811e-04 -0.605 0.399 0.347 -0.358 -0.823 -1.262 -1.854 -2.330 -2.404
0.00034781 -1.65000 10.10000 0.7965068221 2.4174966317    0.731  2.166  3.7087  1.923    7  0.000  0.527     0.00     0.00     0.00     0.00     0.00 -1    -1e-30      0.00 7.468e-01 2.528e-01 6.530e-05 1.904e-05 1.655e-04 -1.000 3.812e-04 -0.645 0.375 0.317 -0.394 -0.862 -1.303 -1.898 -2.377 -2.452
0.00034781 -1.65000 10.10000 0.7965093255 2.4174975160    0.731  2.155  3.7096  1.937    7  0.000  0.527     0.00     0.00     0.00     0.00     0.00 -1    -1e-30      0.00 7.468e-01 2.528e-01 6.530e-05 1.904e-05 1.655e-04 -1.000 3.812e-04 -0.617 0.390 0.337 -0.369 -0.835 -1.274 -1.866 -2.343 -2.417
0.00034781 -1.65000 10.10000 0.7965135574 2.4174990110    0.731  2.139  3.7108  1.958    7  0.000  0.527     0.00     0.00     0.00     0.00     0.00 -1    -1e-30      0.00 7.468e-01 2.528e-01 6.530e-05 1.904e-05 1.655e-04 -1.000 3.812e-04 -0.576 0.414 0.368 -0.332 -0.795 -1.232 -1.821 -2.295 -2.368
0.00034781 -1.65000 10.10000 0.7965388894 2.4175079593    0.731  2.154  3.7093  1.937    7  0.000  0.527     0.00     0.00     0.00     0.00     0.00 -1    -1e-30      0.00 7.468e-01 2.528e-01 6.530e-05 1.904e-05 1.655e-04 -1.000 3.811e-04 -0.615 0.396 0.341 -0.367 -0.833 -1.273 -1.866 -2.344 -2.418
0.00034781 -1.65000 10.10000 0.7965543270 2.4175134121    0.731  2.176  3.7074  1.907    7  0.000  0.527     0.00     0.00     0.00     0.00     0.00 -1    -1e-30      0.00 7.468e-01 2.528e-01 6.530e-05 1.904e-05 1.655e-04 -1.000 3.812e-04 -0.671 0.367 0.301 -0.417 -0.887 -1.330 -1.929 -2.412 -2.487
0.00034781 -1.65000 10.10000 0.7965730429 2.4175200226    0.731  2.217  3.7042  1.853    7  0.000  0.527     0.00     0.00     0.00     0.00     0.00 -1    -1e-30      0.00 7.468e-01 2.528e-01 6.530e-05 1.904e-05 1.655e-04 -1.000 3.812e-04 -0.774 0.311 0.225 -0.510 -0.988 -1.437 -2.046 -2.537 -2.614
0.00034781 -1.65000 10.10000 0.7965921760 2.4175267800    0.731  2.262  3.7009  1.796    7  0.000  0.527     0.00     0.00     0.00     0.00     0.00 -1    -1e-30      0.00 7.468e-01 2.528e-01 6.530e-05 1.904e-05 1.655e-04 -1.000 3.813e-04 -0.885 0.248 0.141 -0.610 -1.096 -1.551 -2.171 -2.670 -2.749
0.00034781 -1.65000 10.10000 0.7966093421 2.4175328425    0.731  2.305  3.6978  1.740    7  0.000  0.527     0.00     0.00     0.00     0.00     0.00 -1    -1e-30      0.00 7.468e-01 2.528e-01 6.530e-05 1.904e-05 1.655e-04 -1.000 3.813e-04 -0.992 0.190 0.061 -0.707 -1.201 -1.662 -2.291 -2.799 -2.879
0.00034781 -1.65000 10.10000 0.7966245413 2.4175382101    0.731  2.347  3.6948  1.686    7  0.000  0.527     0.00     0.00     0.00     0.00     0.00 -1    -1e-30      0.00 7.468e-01 2.528e-01 6.529e-05 1.904e-05 1.655e-04 -1.000 3.763e-04 -1.098 0.133 -0.018 -0.802 -1.303 -1.770 -2.409 -2.925 -3.006
0.00034781 -1.65000 10.10000 0.7966380119 2.4175429670    0.731  2.389  3.6919  1.632    7  0.000  0.527     0.00     0.00     0.00     0.00     0.00 -1    -1e-30      0.00 7.468e-01 2.528e-01 6.528e-05 1.904e-05 1.655e-04 -1.000 3.748e-04 -1.203 0.076 -0.096 -0.897 -1.405 -1.877 -2.526 -3.050 -3.132
0.00034781 -1.65000 10.10000 0.7966498137 2.4175471344    0.731  2.431  3.6890  1.579    7  0.000  0.526     0.00     0.00     0.00     0.00     0.00 -1    -1e-30      0.00 7.468e-01 2.528e-01 6.522e-05 1.906e-05 1.655e-04 -1.000 3.749e-04 -1.307 0.021 -0.172 -0.990 -1.505 -1.983 -2.642 -3.174 -3.257
0.00034781 -1.65000 10.10000 0.7966602445 2.4175508176    0.731  2.472  3.6862  1.526    7  0.000  0.523     0.00     0.00     0.00     0.00     0.00 -1    -1e-30      0.00 7.468e-01 2.528e-01 6.498e-05 1.920e-05 1.655e-04 -1.000 3.754e-04 -1.410 -0.030 -0.247 -1.081 -1.604 -2.088 -2.756 -3.297 -3.382
0.00034781 -1.65000 10.10000 0.7966697812 2.4175541850    0.731  2.514  3.6833  1.473    7  0.000  0.517     6.89     5.48     3.88     3.01     2.43  3    -1e-30      0.00 7.468e-01 2.528e-01 6.435e-05 1.971e-05 1.655e-04 -1.000 3.813e-04 -1.515 -0.058 -0.315 -1.175 -1.706 -2.196 -2.874 -3.423 -3.507
0.00034781 -1.65000 10.10000 0.7966784239 2.4175572366    0.731  2.556  3.6803  1.419    7  0.000  0.506     7.72     6.04     4.26     3.31     2.67  3    -1e-30      0.00 7.468e-01 2.528e-01 6.320e-05 2.089e-05 1.655e-04 -1.000 3.812e-04 -1.619 -0.076 -0.379 -1.269 -1.809 -2.305 -2.992 -3.549 -3.633
0.00034781 -1.65000 10.10000 0.7966865301 2.4175600988    0.731  2.598  3.6774  1.365    7  0.000  0.493     8.66     6.66     4.68     3.64     2.94  3    -1e-30      0.00 7.468e-01 2.529e-01 6.165e-05 2.270e-05 1.656e-04 -1.000 3.812e-04 -1.725 -0.083 -0.439 -1.360 -1.912 -2.414 -3.111 -3.676 -3.759
0.00034781 -1.65000 10.10000 0.7966940999 2.4175627715    0.731  2.640  3.6744  1.311    7  0.000  0.480     9.72     7.34     5.14     4.00     3.24  3    -1e-30      0.00 7.467e-01 2.530e-01 6.006e-05 2.463e-05 1.655e-04 -1.000 3.537e-04 -1.831 -0.080 -0.494 -1.451 -2.015 -2.524 -3.231 -3.803 -3.886
0.00034781 -1.65000 10.10000 0.7967013121 2.4175653178    0.731  2.683  3.6713  1.256    7  0.000  0.469    10.93     8.11     5.65     4.40     3.56  2    -1e-30      0.00 7.466e-01 2.531e-01 5.864e-05 2.637e-05 1.655e-04 -1.000 3.811e-04 -1.937 -0.070 -0.545 -1.541 -2.118 -2.635 -3.352 -3.932 -4.014
0.00034781 -1.65000 10.10000 0.7967081666 2.4175677379    0.731  2.725  3.6683  1.202    7  0.000  0.460    12.26     8.94     6.20     4.84     3.92  2    -1e-30      0.00 7.465e-01 2.531e-01 5.743e-05 2.786e-05 1.655e-04 -1.000 3.812e-04 -2.043 -0.050 -0.592 -1.628 -2.219 -2.743 -3.471 -4.059 -4.141
0.00034781 -1.65000 10.10000 0.7967147827 2.4175700737    0.731  2.767  3.6652  1.147    7  0.000  0.452    13.77     9.87     6.81     5.33     4.31  2    -1e-30      0.00 7.464e-01 2.533e-01 5.641e-05 2.911e-05 1.655e-04 -1.000 3.812e-04 -2.148 -0.019 -0.634 -1.714 -2.320 -2.852 -3.591 -4.187 -4.268
0.00034781 -1.65000 10.10000 0.7967207432 2.4175721780    0.731  2.809  3.6621  1.093    7  0.000  0.444    15.46    10.89     7.48     5.86     4.75  2    -1e-30      0.00 7.463e-01 2.534e-01 5.551e-05 3.021e-05 1.655e-04 -1.000 3.811e-04 -2.253 0.021 -0.671 -1.797 -2.419 -2.960 -3.710 -4.314 -4.395
0.00034781 -1.65000 10.10000 0.7967256904 2.4175739246    0.731  2.849  3.6592  1.041    7  0.000  0.439    17.27    11.96     8.19     6.42     5.20  2    -1e-30      0.00 7.461e-01 2.535e-01 5.479e-05 3.110e-05 1.654e-04 -1.000 3.812e-04 -2.353 0.073 -0.699 -1.874 -2.513 -3.062 -3.824 -4.436 -4.516
0.00034781 -1.65000 10.10000 0.7967299223 2.4175754186    0.731  2.890  3.6561  0.989    7  0.000  0.434    19.31    13.14     8.96     7.03     5.70  2    -1e-30      0.00 7.460e-01 2.536e-01 5.415e-05 3.189e-05 1.653e-04 -1.000 3.812e-04 -2.454 0.104 -0.734 -1.949 -2.603 -3.162 -3.936 -4.557 -4.638
0.00034781 -1.65000 10.10000 0.7967334390 2.4175766601    0.731  2.930  3.6531  0.936    7  0.000  0.430    21.60    14.46     9.81     7.71     6.25  1    -1e-30      0.00 7.458e-01 2.538e-01 5.359e-05 3.260e-05 1.652e-04 -1.000 3.538e-04 -2.555 0.125 -0.769 -2.022 -2.692 -3.261 -4.048 -4.678 -4.760
0.00034781 -1.65000 10.10000 0.7967368960 2.4175778805    0.731  2.973  3.6497  0.879    7  0.000  0.426    24.39    16.03    10.83     8.53     6.91  1    -1e-30      0.00 7.457e-01 2.539e-01 5.307e-05 3.328e-05 1.651e-04 -1.000 3.812e-04 -2.664 0.152 -0.807 -2.099 -2.787 -3.367 -4.169 -4.810 -4.893
0.00034781 -1.65000 10.10000 0.7967402339 2.4175790589    0.731  3.020  3.6461  0.818    7  0.000  0.424    27.76    17.89    12.02     9.48     7.69  1    -1e-30      0.00 7.455e-01 2.541e-01 5.266e-05 3.384e-05 1.649e-04 -1.000 3.811e-04 -2.779 0.182 -0.845 -2.180 -2.886 -3.478 -4.297 -4.949 -5.034
0.00034781 -1.65000 10.10000 0.7967432737 2.4175801320    0.731  3.065  3.6425  0.759    7  0.000  0.422    31.53    19.93    13.33    10.53     8.54  1    -1e-30      0.00 7.454e-01 2.542e-01 5.234e-05 3.433e-05 1.647e-04 -1.000 3.812e-04 -2.893 0.213 -0.882 -2.258 -2.984 -3.588 -4.423 -5.085 -5.173
0.00034781 -1.65000 10.10000 0.7967443466 2.4175805107    0.731  3.087  3.6406  0.729    7  0.000  0.421    33.57    21.02    14.02    11.09     9.00  1    -1e-30      0.00 7.453e-01 2.543e-01 5.218e-05 3.458e-05 1.646e-04 -1.000 3.811e-04 -2.948 0.233 -0.898 -2.295 -3.030 -3.640 -4.483 -5.152 -5.241
0.00034781 -1.65000 10.10000 0.7967445254 2.4175805739    0.731  3.107  3.6392  0.704    7  0.000  0.420    35.44    22.01    14.66    11.60     9.41  1    -1e-30      0.00 7.453e-01 2.543e-01 5.210e-05 3.474e-05 1.645e-04 -1.000 3.812e-04 -2.997 0.248 -0.913 -2.328 -3.071 -3.687 -4.537 -5.211 -5.301
0.00034781 -1.65000 10.10000 0.7967448235 2.4175806791    0.731  3.131  3.6373  0.672    7  0.000  0.419    37.89    23.29    15.47    12.25     9.94  1    -1e-30      0.00 7.451e-01 2.545e-01 5.196e-05 3.509e-05 1.642e-04 -1.000 3.812e-04 -3.057 0.270 -0.928 -2.366 -3.120 -3.743 -4.602 -5.282 -5.373
0.00034781 -1.65000 10.10000 0.7967452407 2.4175808264    0.731  3.160  3.6349  0.633    7  0.000  0.418    41.18    25.00    16.55    13.12    10.65  1    -1e-30      0.00 7.450e-01 2.547e-01 5.169e-05 3.567e-05 1.639e-04 -1.000 3.811e-04 -3.131 0.302 -0.945 -2.412 -3.180 -3.812 -4.683 -5.371 -5.464
0.00034781 -1.65000 10.10000 0.7967455387 2.4175809316    0.731  3.329  3.6214  0.411    8  0.537  0.404    66.15    37.39    24.31    19.39    15.74  1 -7.89e-07      0.00 7.378e-01 2.619e-01 4.904e-05 4.398e-05 1.645e-04 -1.000 2.950e-04 -3.551 0.500 -1.019 -2.658 -3.513 -4.201 -5.143 -5.877 -5.980
0.00034781 -1.65000 10.10000 0.7967455983 2.4175809526    0.730  3.153  3.6344  0.638    8  0.537  0.398    40.78    24.79    16.42    13.02    10.56  1 -3.55e-07      0.00 7.378e-01 2.619e-01 4.904e-05 4.398e-05 1.645e-04 -1.000 2.949e-04 -3.113 0.329 -0.921 -2.391 -3.161 -3.793 -4.667 -5.357 -5.450
0.00034781 -1.65000 10.10000 0.7967456579 2.4175809736    0.729  3.004  3.6469  0.837    8  0.537  0.398    26.69    17.30    11.64     9.18     7.44  1  -1.8e-07      0.00 7.378e-01 2.619e-01 4.904e-05 4.398e-05 1.645e-04 -1.000 2.949e-04 -2.740 0.184 -0.825 -2.149 -2.851 -3.440 -4.254 -4.903 -4.989
0.00034781 -1.65000 10.10000 0.7967458367 2.4175810368    0.727  2.807  3.6634  1.098    8  0.538  0.398    15.27    10.77     7.40     5.80     4.70  2 -7.49e-08      0.00 7.378e-01 2.619e-01 4.904e-05 4.398e-05 1.645e-04 -1.000 2.950e-04 -2.247 -0.023 -0.688 -1.799 -2.415 -2.953 -3.698 -4.299 -4.380
0.00034781 -1.65000 10.10000 0.7967460752 2.4175811209    0.724  2.812  3.6628  1.089    8  0.538  0.398    15.56    10.95     7.52     5.89     4.77  2 -7.76e-08      0.00 7.378e-01 2.619e-01 4.904e-05 4.398e-05 1.645e-04 -1.000 2.950e-04 -2.261 -0.011 -0.690 -1.809 -2.428 -2.967 -3.715 -4.317 -4.398
0.00034781 -1.65000 10.10000 0.7967463732 2.4175812261    0.720  2.910  3.6546  0.956    8  0.538  0.398    20.62    13.89     9.44     7.42     6.02  2 -1.22e-07      0.00 7.378e-01 2.619e-01 4.904e-05 4.398e-05 1.645e-04 -1.000 2.950e-04 -2.504 0.121 -0.749 -1.985 -2.648 -3.212 -3.993 -4.618 -4.699
0.00034781 -1.65000 10.10000 0.7967467904 2.4175813734    0.716  3.074  3.6407  0.733    8  0.538  0.398    33.12    20.75    13.85    10.96     8.89  1 -2.61e-07      0.00 7.378e-01 2.619e-01 4.904e-05 4.398e-05 1.645e-04 -1.000 2.950e-04 -2.916 0.260 -0.868 -2.264 -2.998 -3.608 -4.451 -5.120 -5.208
0.00034781 -1.65000 10.10000 0.7967472076 2.4175815207    0.711  3.218  3.6286  0.538    8  0.539  0.398    50.12    29.47    19.35    15.40    12.49  1 -5.12e-07      0.00 7.378e-01 2.619e-01 4.904e-05 4.398e-05 1.645e-04 -1.000 2.950e-04 -3.274 0.432 -0.939 -2.482 -3.286 -3.942 -4.844 -5.554 -5.651
0.00034781 -1.65000 10.10000 0.7967476845 2.4175816890    0.705  3.313  3.6205  0.407    8  0.539  0.398    66.20    37.27    24.21    19.34    15.70  1 -8.09e-07      0.00 7.378e-01 2.619e-01 4.904e-05 4.398e-05 1.645e-04 -1.000 2.950e-04 -3.512 0.570 -0.961 -2.608 -3.467 -4.158 -5.104 -5.842 -5.946
0.00034781 -1.65000 10.10000 0.7967482209 2.4175818784    0.698  3.365  3.6159  0.332    8  0.539  0.398    77.59    42.58    27.50    22.01    17.88  0 -1.06e-06      0.00 7.378e-01 2.619e-01 4.904e-05 4.398e-05 1.645e-04 -1.000 2.950e-04 -3.643 0.658 -0.961 -2.668 -3.563 -4.276 -5.248 -6.002 -6.110
0.00034781 -1.65000 10.10000 0.7967488766 2.4175821099    0.691  3.393  3.6134  0.290    8  0.540  0.398    84.72    45.81    29.48    23.63    19.19  0 -1.23e-06      0.00 7.378e-01 2.619e-01 4.904e-05 4.398e-05 1.645e-04 -1.000 2.950e-04 -3.712 0.711 -0.957 -2.697 -3.611 -4.336 -5.323 -6.086 -6.196
0.00034781 -1.65000 10.10000 0.7967495322 2.4175823413    0.683  3.410  3.6118  0.261    8  0.541  0.398    90.03    48.16    30.91    24.80    20.15  0 -1.38e-06      0.00 7.378e-01 2.619e-01 4.904e-05 4.398e-05 1.645e-04 -1.000 2.950e-04 -3.756 0.750 -0.951 -2.714 -3.641 -4.375 -5.371 -6.140 -6.252
0.00034781 -1.65000 10.10000 0.7967525125 2.4175833934    0.542 -9.999  4.0000  1.779    9  0.542  0.000     0.00     0.00     0.00     0.00     0.00 -1    -1e-30      0.00 7.378e-01 2.619e-01 4.904e-05 4.398e-05 1.645e-04 -1.000 2.950e-04 29.767 29.815 30.060 30.102 30.088 30.075 30.109 30.101 30.114
#isochrone terminated
